Spearman:
r = 0.3196736677761407,
p = 2.068661188879548e-16
