Spearman:
r = 0.5570177401762394,
p = 4.3313397987638214e-42
