Spearman:
r = 0.5017922644211654,
p = 3.148660491586879e-67
